1.836275e+01
1.835975e+01
1.835327e+01
1.835028e+01
1.834832e+01
1.834291e+01
1.833708e+01
1.833513e+01
1.833418e+01
1.832507e+01
1.831424e+01
1.831145e+01
1.830867e+01
1.830591e+01
1.829861e+01
1.829144e+01
1.819742e+01
1.819369e+01
1.819369e+01
1.819158e+01
1.818739e+01
1.818739e+01
1.818449e+01
1.818195e+01
1.818027e+01
1.818027e+01
1.817616e+01
1.817403e+01
1.817297e+01
1.816887e+01
1.816562e+01
1.812580e+01
1.812398e+01
1.812295e+01
1.812261e+01
1.812169e+01
1.812059e+01
1.812014e+01
1.811949e+01
1.811928e+01
1.811865e+01
1.811834e+01
1.811781e+01
1.811770e+01
1.811733e+01
1.812435e+01
1.812572e+01
1.812608e+01
1.812671e+01
1.812726e+01
1.812726e+01
1.812805e+01
1.812805e+01
1.813117e+01
1.813162e+01
1.813217e+01
1.813262e+01
1.813377e+01
1.813426e+01
1.813798e+01
1.813876e+01
1.813902e+01
1.817800e+01
1.818198e+01
1.818198e+01
1.818388e+01
1.818503e+01
1.818736e+01
1.818988e+01
1.819186e+01
1.819226e+01
1.819305e+01
1.819423e+01
1.819462e+01
1.819561e+01
1.819642e+01
1.819742e+01
1.820041e+01
1.820041e+01
1.820386e+01
1.820467e+01
1.825131e+01
1.825564e+01
1.825667e+01
1.826076e+01
1.826766e+01
1.826807e+01
1.826888e+01
1.826928e+01
1.827030e+01
1.827050e+01
1.827131e+01
1.827311e+01
1.827472e+01
1.827731e+01
1.827890e+01
1.832172e+01
1.832207e+01
1.832296e+01
1.832490e+01
1.832543e+01
1.832613e+01
1.832734e+01
1.832734e+01
1.832769e+01
1.832891e+01
1.833098e+01
1.833132e+01
1.833269e+01
1.833473e+01
1.833575e+01
1.833659e+01
1.833693e+01
1.833793e+01
1.833877e+01
1.834143e+01
1.834175e+01
1.834274e+01
1.834358e+01
1.834390e+01
1.834521e+01
1.838409e+01
1.838556e+01
1.839007e+01
1.839047e+01
1.839112e+01
1.839178e+01
1.839204e+01
1.839294e+01
1.839346e+01
1.839384e+01
1.839449e+01
1.839628e+01
1.839653e+01
1.839716e+01
1.839805e+01
1.839843e+01
1.842760e+01
1.842760e+01
1.842896e+01
1.842947e+01
1.843060e+01
1.843152e+01
1.843193e+01
1.843222e+01
1.843242e+01
1.843263e+01
1.843313e+01
1.843383e+01
1.843424e+01
1.843513e+01
1.843543e+01
1.843641e+01
1.843739e+01
1.843797e+01
1.846092e+01
1.846208e+01
1.846309e+01
1.846347e+01
1.846385e+01
1.846476e+01
1.846484e+01
1.846506e+01
1.846544e+01
1.846559e+01
1.846573e+01
1.846603e+01
1.846633e+01
1.846662e+01
1.846692e+01
1.846729e+01
1.846743e+01
1.846809e+01
1.846845e+01
1.846895e+01
1.846909e+01
1.846938e+01
