1.850427e+01
1.849004e+01
1.846230e+01
1.845126e+01
1.844019e+01
1.839120e+01
1.798858e+01
1.798855e+01
1.793550e+01
1.791285e+01
1.781019e+01
1.781102e+01
1.781635e+01
1.782158e+01
1.782318e+01
1.782833e+01
1.783002e+01
1.783173e+01
1.783574e+01
1.789865e+01
1.789989e+01
1.789989e+01
1.790333e+01
1.790813e+01
1.790916e+01
1.791209e+01
1.791305e+01
1.791594e+01
1.791672e+01
1.791756e+01
1.794885e+01
1.795184e+01
1.795291e+01
1.795765e+01
1.796089e+01
1.796187e+01
1.796308e+01
1.796598e+01
1.797170e+01
1.803182e+01
1.803390e+01
1.804027e+01
1.804968e+01
1.805802e+01
1.806859e+01
1.815298e+01
1.817264e+01
1.817420e+01
1.818377e+01
1.818377e+01
1.828920e+01
1.828920e+01
1.829933e+01
1.829933e+01
1.830246e+01
1.831061e+01
1.831334e+01
1.833182e+01
1.842482e+01
1.845235e+01
1.845412e+01
1.845981e+01
1.846394e+01
1.847260e+01
1.847458e+01
1.854739e+01
1.855364e+01
1.855450e+01
1.856260e+01
1.856944e+01
1.857102e+01
1.857253e+01
1.857808e+01
1.857854e+01
1.858001e+01
