1.898857e+01
1.898910e+01
1.899011e+01
1.899051e+01
1.899092e+01
1.899270e+01
1.900866e+01
1.900866e+01
1.901147e+01
1.901286e+01
1.903400e+01
1.903426e+01
1.903582e+01
1.903721e+01
1.903757e+01
1.903863e+01
1.903897e+01
1.903932e+01
1.904012e+01
1.905507e+01
1.905545e+01
1.905545e+01
1.905653e+01
1.905819e+01
1.905858e+01
1.905970e+01
1.906009e+01
1.906128e+01
1.906162e+01
1.906202e+01
1.907523e+01
1.907624e+01
1.907662e+01
1.907819e+01
1.907919e+01
1.907952e+01
1.907991e+01
1.908074e+01
1.908244e+01
1.909497e+01
1.909534e+01
1.909651e+01
1.909790e+01
1.909911e+01
1.910060e+01
1.911172e+01
1.911389e+01
1.911406e+01
1.911514e+01
1.911514e+01
1.912625e+01
1.912625e+01
1.912727e+01
1.912727e+01
1.912760e+01
1.912845e+01
1.912874e+01
1.913079e+01
1.913975e+01
1.914236e+01
1.914251e+01
1.914301e+01
1.914336e+01
1.914416e+01
1.914434e+01
1.915142e+01
1.915196e+01
1.915204e+01
1.915278e+01
1.915345e+01
1.915361e+01
1.915378e+01
1.915435e+01
1.915440e+01
1.915458e+01
